9
1
0 4
0.0491 0.4299
0.0 0.0
0.0 1.0
0.0541 1.0
1
1 5
0.3899 0.0985
1.0 0.1008
1.0 0.0
0.0 0.0
0.1634 0.0489
1
2 4
0.6483 0.5653
0.6879 1.0
1.0 1.0
1.0 0.64
1
3 4
0.3774 0.4298
0.0491 0.4299
0.0541 1.0
0.3776 1.0
1
4 6
0.3776 0.3581
0.3967 0.3983
0.4591 0.4292
1.0 0.4293
1.0 0.1008
0.3899 0.0985
1
5 6
0.3776 0.3581
0.3967 0.3983
0.3774 0.4298
0.0491 0.4299
0.0 0.0
0.1634 0.0489
1
6 6
0.4591 0.4292
0.3967 0.3983
0.3774 0.4298
0.3776 1.0
0.6879 1.0
0.6483 0.5653
1
7 4
0.4591 0.4292
1.0 0.4293
1.0 0.64
0.6483 0.5653
1
8 3
0.3776 0.3581
0.1634 0.0489
0.3899 0.0985
